0 40 120 1
1 40 200 1
2 40 280 1
3 40 360 1
4 40 520 2
5 40 600 2
6 40 680 2
7 40 760 2
8 120 120 1
9 120 360 1
10 120 520 2
11 120 760 2
12 200 120 1
13 200 200 1
14 200 280 1
15 200 360 1
16 200 520 2
17 200 760 2
18 280 120 1
19 280 200 1
20 280 280 1
21 280 360 1
22 280 520 2
23 280 600 2
24 280 680 2
25 280 760 2
26 360 360 d1
27 360 520 d2
28 440 40 c
29 440 120 c
30 440 200 c
31 440 280 c
32 440 360 c
33 440 440 c
34 440 520 c
35 440 600 c
36 440 680 c
37 440 760 c
38 520 40 5
39 520 120 5
40 520 440 d4
41 520 600 3
42 520 760 3
43 600 120 5
44 600 280 4
45 600 360 4
46 600 440 4
47 600 600 3
48 600 760 3
49 680 120 5
50 680 280 4
51 680 440 4
52 680 600 3
53 680 760 3
54 760 120 5
55 760 280 4
56 760 440 4
57 760 600 3
58 760 680 3
59 760 760 3