0 40 120
1 40 200
2 40 280
3 40 360
4 40 520
5 40 600
6 40 680
7 40 760
8 120 120
9 120 360
10 120 520
11 120 760
12 200 120
13 200 200
14 200 280
15 200 360
16 200 520
17 200 760
18 280 120
19 280 200
20 280 280
21 280 360
22 280 520
23 280 600
24 280 680
25 280 760
26 360 360
27 360 520
28 440 40
29 440 120
30 440 200
31 440 280
32 440 360
33 440 440
34 440 520
35 440 600
36 440 680
37 440 760
38 520 40
39 520 120
40 520 440
41 520 600
42 520 760
43 600 120
44 600 280
45 600 360
46 600 440
47 600 600
48 600 760
49 680 120
50 680 280
51 680 440
52 680 600
53 680 760
54 760 120
55 760 280
56 760 440
57 760 600
58 760 680
59 760 760